100
905,4791338210694 916,8793894499229
255,36852429942724 -634,4120155305461
-350,986389529049 -374,24420216537874
734,1565750562045 778,2159554669531
935,7137816873014 203,01821369917275
-30,820444390930334 -681,9164060222196
-124,2120184629589 229,2600363157951
-276,4510762115058 330,73057931695166
46,794653631103074 629,356446520653
74,48493494162949 -808,1986038892535
-989,6142235365943 -955,4741058511408
662,4459460577818 447,3928072929823
-676,0517780238093 925,8609455968287
288,87217010319705 285,2063066520393
762,9977833928804 566,6654165400246
872,444059406158 -778,5064485059354
-864,857820373317 828,7339363833182
-982,0135940925461 25,940144740093274
328,5838716771543 978,9961916204525
643,7962667949785 -500,93911146712003
-663,0869505184071 272,4838320932606
-679,9692147044998 -746,7904368522078
863,6746533500532 -654,4036385227532
908,1583783078604 210,30580632670626
-491,9099823251862 -860,088141429346
-449,4330171583705 613,6843892418219
-959,9194376220852 113,33315705355562
-360,90996384367986 -695,0856581150524
-388,6460344745351 38,13038885798369
-971,7161286970935 -984,132463866705
-97,41370220782233 609,0096678466784
-484,7497340332743 -606,0210760864728
-631,0154884450931 -856,1187541861395
-7,274562106605913 135,5791812929856
15,696945003988048 -179,38251039496265
8,866340885909949 -85,98880252990978
679,4655714951587 341,1544636368733
-48,7937032119587 865,0127520052106
-162,5376519251787 -581,8479292205468
927,3962290970978 784,3843654041068
-42,16279241796212 -112,16055060260305
914,6404705238306 629,9758470329289
-553,3310618697027 254,98681446730689
572,913349279484 -17,64196702756942
823,3101358841959 251,61433786525026
-201,54770942471998 -465,4050326922347
-614,7059371949535 -443,421075157338
-568,9346915598871 116,3914494498008
-501,47388456670484 -29,3408445884495
389,1988650415367 -78,84341582462184
-613,5163900292819 439,50140339882387
-384,0124662659397 -998,8311970720237
437,2969345172794 132,14662919223338
226,1174248160346 767,2976951685055
-423,6480714835933 682,9295300646324
-716,386264553164 -614,8560513592577
74,33202855097102 911,5894833587342
-403,63749668828564 807,7300996048284
-840,4660321646476 -443,46656195509365
218,48021927996297 831,9187209211066
-621,3990737697441 -46,378751126188604
-151,26180880308482 593,1565743243934
-930,169348775866 -797,0684719075167
-11,448354606712996 -497,69867574177584
574,5126164398591 629,7161506228206
241,15826302677192 565,6480738058642
-509,5170925714574 641,6054174644851
711,2677309700173 665,5685459059823
904,0519809140303 717,4175542616629
367,03101855252135 539,6884548578594
331,56598831116753 670,9873410391576
-377,9790240500636 696,9035761496173
-350,33698309130034 977,5990837089571
-167,37261855121187 43,210405156538854
636,7140874988279 -831,2857552589389
-889,1884940267573 -405,45052974348005
75,71879411597615 -325,16876552372855
-104,70947188047091 -204,15342731856674
554,9662509651514 -35,41410218507622
-89,79164655967531 282,4154824045427
863,5742231294985 -909,2605611095437
-426,41974291293434 27,390943413741525
300,2452319666122 -22,825470487937537
-48,87813059913901 164,19960338698684
583,0006298728761 21,2975417401733
928,5137400376848 -290,26868448304754
811,4598646142506 -606,268774532678
-154,13804430494406 903,4645050502954
580,7747494804071 117,892103812183
-170,75923667891766 -228,3321653916381
320,2857593863105 -96,90023184621577
-229,28926908415235 -136,8250919501255
-357,7922860456242 -613,9476683243199
888,4331129229149 828,773762168139
-257,18258966343967 -645,3326298897211
732,4748217082417 -585,2505068643878
39,16168203697384 35,54422751215725
616,4793112129425 -234,52217572053132
-556,1237510533617 404,6895677738803
463,1479140190306 582,0905323987834
